"sex","sit","stand","step","sleep","outcome"
"Female",0.559480438407643,0.0800079655189613,0.0270391977457585,0.333472398327637,-0.619705021017605
"Female",0.413261094460921,0.205274373760319,0.0307329603553773,0.350731571423384,-0.450799224721313
"Female",0.524959124337145,0.112752110895329,0.0300307294269138,0.332258035340612,0.396228184521441
"Female",0.367326226261294,0.216695764389871,0.0412896110032261,0.37468839834561,0.150368779417143
"Female",0.375140740567199,0.225191638176642,0.062281604394721,0.337386016861439,0.0559399206308538
"Male",0.276616142604139,0.270928662237155,0.130303986848316,0.322151208310389,1.51018575955306
"Male",0.358578182188675,0.227817758418749,0.0277128006931834,0.385891258699392,-0.397580914513884
"Female",0.540683206202328,0.152728946502656,0.0420767245014609,0.264511122793555,0.547826832655068
"Male",0.460135360130165,0.130786539235944,0.0846682771480342,0.324409823485857,-0.697957761432192
"Male",0.417000654224813,0.20187830708672,0.0599945651465649,0.321126473541903,-0.347287045186786
"Male",0.317360206078402,0.169030543751359,0.0342583533185013,0.479350896851738,-0.617445069189873
"Male",0.435300873481905,0.135117814748705,0.0427332289707749,0.386848082798615,-0.714727163970865
"Male",0.581354148564648,0.0675396152441934,0.0227221972168496,0.328384038974309,-1.44484602640692
"Female",0.400352764532861,0.0812547226040111,0.0378885432688308,0.480503969594297,0.469351059687554
"Female",0.352392408516879,0.265164713819262,0.0455838203819743,0.336859057281884,-0.663973269840027
"Female",0.377283922928139,0.161448827134279,0.034179689096549,0.427087560841033,-0.669959022530926
"Male",0.309906239619869,0.267287852605771,0.0838312889814822,0.338974618792878,-0.0531292255319586
"Male",0.457201273368315,0.144445507197824,0.0344382324751236,0.363914986958738,-1.2346077798304
"Female",0.446082263144202,0.124891820134991,0.045287076568014,0.383738840152793,-0.515697935668807
"Female",0.574511657842947,0.100091136368863,0.0172054806637338,0.308191725124457,-0.288025647920928
"Female",0.593947389480724,0.0370867684797704,0.0139717701737488,0.354994071865757,-0.92904409164311
"Male",0.184211610808991,0.375150338230112,0.129780185120393,0.310857865840505,0.0233276619848059
"Male",0.45084127721306,0.147480966193997,0.0524206649743993,0.349257091618544,-0.00232672852776328
"Male",0.402787037776304,0.0830242988307873,0.0623600212574286,0.45182864213548,-0.683249882448862
"Female",0.471130447689777,0.107347893249193,0.0248427892745595,0.396678869786471,-1.13897967925736
"Female",0.443040103730853,0.08757161761686,0.0318518626974599,0.437536415954827,-0.839129161691063
"Female",0.496807855682511,0.097110137550182,0.0276361604421763,0.378445846325131,0.082049358215986
"Female",0.368315689816637,0.306555334820564,0.0577604505891681,0.267368524773632,0.0925561885497967
"Male",0.335387353019368,0.188061998276839,0.0471543547286589,0.429396293975134,-1.08877475577665
"Female",0.501689677698639,0.117101643339804,0.0876906587416967,0.293518020219861,1.01315685344139
"Female",0.251321438976217,0.314591893730308,0.141067434080884,0.293019233212592,0.926648734153237
"Male",0.233789594289085,0.293249653215851,0.0512689540209116,0.421691798474153,-0.506877951904718
"Female",0.564472682962967,0.102681937579092,0.0316004392496605,0.30124494020828,-0.354153835962566
"Male",0.394047149108301,0.148530726586086,0.0543841261104751,0.403037998195137,-0.496166787427857
"Female",0.499627392307548,0.122528106278399,0.0409115404250938,0.336932960988958,0.169869095817176
"Female",0.561499206956459,0.0871620605954916,0.0663945877915482,0.284944144656501,0.870852623868043
"Female",0.47591610515747,0.127426508329199,0.0614178390947239,0.335239547418607,0.468006099651879
"Female",0.459005186035403,0.201327313986603,0.0428508590698351,0.29681664090816,-0.0628571910932366
"Female",0.420450904748781,0.178222077763059,0.081209497393278,0.320117520094882,1.1841496088949
"Male",0.35523703661878,0.25069232370802,0.0787993849456833,0.315271254727517,-0.561512263952073
"Female",0.3943273635513,0.281755810017794,0.0446498937311822,0.279266932699724,-0.050785148949086
"Female",0.48242422871697,0.0867934991247846,0.0485640246643331,0.382218247493912,0.754374121816738
"Female",0.476824067808328,0.0921505477619935,0.0429160782559108,0.388109306173768,-0.31938628423462
"Male",0.38479860230226,0.226161726449031,0.0423577189942804,0.346681952254428,-0.608224420748794
"Female",0.480056034214897,0.129129164548015,0.0454311961343356,0.345383605102753,-0.0326145623199646
"Female",0.379096000129739,0.13577093570662,0.0445303855002582,0.440602678663383,-0.334837273489539
"Male",0.439990486160059,0.16423432557462,0.0356531882808158,0.360121999984505,-0.567397240019022
"Female",0.307864961260328,0.216569910132927,0.0321822623338771,0.443382866272868,0.341547192151209
"Female",0.50938705943616,0.111956391304126,0.0260056662918093,0.352650882967905,-1.20897503447104
"Male",0.534080451095111,0.107700695383908,0.042511720900578,0.315707132620403,-0.217939430832236
"Female",0.421962997724026,0.08601110197888,0.0834810956353182,0.408544804661776,0.35961075145902
"Female",0.455575324979115,0.13526991114795,0.0393323489929586,0.369822414879976,-0.263279581017516
"Female",0.480535555832412,0.122892261953647,0.0423435121622007,0.354228670051741,-0.357306759148422
"Male",0.392117294136357,0.193991695369319,0.0667969121800827,0.347094098314242,-0.161787587740718
"Female",0.410323991976465,0.0931338840099567,0.0589006292992163,0.437641494714362,0.270317471164388
"Male",0.386455297968404,0.208306289608587,0.0200052098699134,0.385233202553095,-1.44297650762823
"Male",0.538515033879667,0.18442897111362,0.0560693828162685,0.220986612190444,0.756331162810673
"Male",0.363940127625611,0.230912239582807,0.0642234946617063,0.340924138129875,0.0331192706348064
"Male",0.359629791748781,0.20792870041804,0.0479361950709066,0.384505312762272,-0.663610167323223
"Male",0.472128790363927,0.128006982730362,0.0613630051098215,0.33850122179589,0.471491420792588
"Male",0.469077835493159,0.183751773275184,0.0601927711982614,0.286977620033395,-0.292215893595854
"Male",0.366422603665904,0.171730391996436,0.1596610560815,0.30218594825616,1.33220831154972
"Male",0.500929824289185,0.141152124995572,0.0302125169310194,0.327705533784224,-0.998165972213075
"Male",0.507580613508636,0.0810695260044772,0.012365301886056,0.398984558600831,-1.95801326168571
"Female",0.424504079389554,0.107770360307014,0.0462472273695191,0.421478332933913,-0.526558463646063
"Female",0.283113806739337,0.273234255274913,0.122800144688754,0.320851793296996,-0.0352462487374733
"Male",0.343791817136385,0.164303807802442,0.0903595261049143,0.401544848956259,-1.50357648981366
"Female",0.477976298958632,0.109485366942362,0.026353364451183,0.386184969647823,-0.0759526446821273
"Male",0.295287145438883,0.258175350070977,0.058663587698428,0.387873916791712,-0.446265319548994
"Male",0.627062934669861,0.0582981970299819,0.0154982478147762,0.299140620485381,0.604841112772956
"Male",0.387187503651791,0.207619111299418,0.0624365432665626,0.342756841782229,-0.54129637845372
"Male",0.287262376983118,0.26532524166169,0.0883982838842876,0.359014097470904,-0.344453178593269
"Female",0.334683148278448,0.249501112646953,0.101439638007679,0.31437610106692,0.046864319344013
"Female",0.395214120309995,0.211182278103491,0.057013072692043,0.336590528894471,-0.970236441644456
"Female",0.486774844804086,0.062641174042663,0.0500678799045075,0.400516101248743,0.0362417803553853
"Female",0.449034838241573,0.145480133339727,0.0893753704621202,0.31610965795658,1.05674756297029
"Male",0.412708414618241,0.117900865517925,0.0775667230769838,0.39182399678685,0.133390936998018
"Male",0.299592500287822,0.310018208585452,0.0816183007227794,0.308770990403946,-0.393397513803831
"Female",0.328719436106334,0.143034663929113,0.0622206075347282,0.466025292429825,-1.0705553996657
"Female",0.522343607576421,0.0598118183456627,0.0217020477466968,0.39614252633122,-0.321795958836255
"Female",0.431373664492959,0.103753116494446,0.0323748793724518,0.432498339640144,0.0558860761750861
"Male",0.329619557728483,0.17233298960717,0.089263893582093,0.408783559082253,-0.170878581992626
"Female",0.3895597786886,0.217633937550385,0.0334609477452802,0.359345336015734,-0.149460330836038
"Female",0.350961295834905,0.160943698732904,0.0598546231899297,0.428240382242261,0.570132782524027
"Male",0.487825282721192,0.184456436368376,0.0288630416444963,0.298855239265936,-1.09497274762489
"Female",0.43684216917288,0.148360498432203,0.0583463934690501,0.356450938925867,-0.210133501904301
"Male",0.429864894539125,0.123957793915001,0.0433740852330902,0.402803226312784,-0.516182560032468
"Female",0.429501457997242,0.162633391697132,0.0314965063960738,0.376368643909553,-0.0564374401844094
"Female",0.288068975364232,0.301765656889421,0.046422335916948,0.363743031829399,0.0308676970072618
"Female",0.50982107338078,0.0814815755301163,0.0159928230254034,0.3927045280637,-0.399543936457211
"Female",0.543086121434778,0.109682046535922,0.0267562975251735,0.320475534504127,-0.679019164248082
"Male",0.545886527473557,0.0516231823681099,0.0239291621038207,0.378561128054512,-0.684170958947693
"Male",0.581510493617789,0.0660062858710614,0.0337163804649624,0.318766840046187,-0.702641576031709
"Female",0.293382714752368,0.221683662223972,0.0834910934824265,0.401442529541233,-0.0246077633366637
"Female",0.31334101172324,0.264495513937793,0.0886304086494102,0.333533065689557,0.789954169972132
"Male",0.386896229420848,0.201466242170371,0.0387313015873397,0.372906226821442,-0.351877588957155
"Male",0.490766047565024,0.116061618569969,0.0204632702980151,0.372709063566992,-1.39423315654572
"Male",0.287935061312716,0.192278349995538,0.0972186783357711,0.422567910355975,0.300211060941735
"Female",0.495352933421406,0.0857002883689203,0.0491269353896527,0.369819842820021,0.113674746283622
"Male",0.510560900516495,0.126293562724942,0.0691267674091702,0.294018769349393,0.599404022593003
"Female",0.379376403966208,0.209318449633177,0.036447199990996,0.374857946409619,-0.447614000184368
"Female",0.403940900411329,0.169093385359429,0.163153962514365,0.263811751714877,1.576546442231
"Male",0.335320173287046,0.171656118234786,0.138122454786559,0.354901253691609,0.355171784757885
"Female",0.383714136474675,0.166143993218624,0.0626059193341213,0.38753595097258,0.653289395902018
"Female",0.47933393166815,0.0657789280910718,0.022022199942828,0.432864940297951,-0.837597740485165
"Male",0.425088583745059,0.181952484984267,0.05298842063072,0.339970510639955,-0.630302464179458
"Female",0.269340877870628,0.267072345849511,0.090968185642538,0.372618590637324,-0.0243520465361248
"Male",0.42944623024084,0.111674061767635,0.0377184079537002,0.421161300037825,-0.525692634348674
"Female",0.45548283812265,0.136074125373114,0.097831080770481,0.310611955733755,0.309490323316623
"Male",0.434505841978558,0.165421373694426,0.0492972787022049,0.350775505624811,-0.434011535690707
"Male",0.436398155798395,0.116091839787952,0.133075558905013,0.314434445508639,-0.171928812667424
"Female",0.435616617065901,0.11296516902502,0.0687744769147307,0.382643736994348,1.14893678063189
"Female",0.565469500646135,0.111325861713745,0.0460455342029372,0.277159103437183,0.323622817211136
"Female",0.465333114772336,0.141683695176425,0.0434736191811978,0.349509570870041,-0.755249957155395
"Male",0.549562222439425,0.0842017034932513,0.0525157955698052,0.313720278497518,-0.16540329210921
"Male",0.398518184895173,0.11909366656922,0.0977502762484853,0.384637872287121,0.580489658782821
"Female",0.243118796536304,0.290153948134265,0.0816461360120574,0.385081119317374,0.176685669376391
"Male",0.399861082733028,0.167948143449756,0.0268323877989398,0.405358386018276,0.046571495994993
"Female",0.469815604714144,0.122298660798823,0.0293344466351342,0.378551287851899,-0.808300963904604
"Female",0.537372656102352,0.0806951835884642,0.0319765301900846,0.3499556301191,-0.524596486682214
"Male",0.532758392123794,0.108539950357831,0.0228658076726101,0.335835849845765,-1.17027771372261
"Male",0.347259828402689,0.22999614905505,0.0559640573504169,0.366779965191844,0.28610164330118
"Female",0.454259916933386,0.0825571802265763,0.0632165047368409,0.399966398103197,0.312647557854763
"Female",0.381266318322164,0.158229321014427,0.035364475683554,0.425139884979855,-0.179608308301807
"Male",0.424916175218047,0.199958948519472,0.0216424577816151,0.353482418480866,-1.45405035992418
"Male",0.500903431381388,0.13238562088037,0.0228501865081037,0.343860761230138,-0.835366789023095
"Female",0.577680272352775,0.057025709527066,0.011368618207545,0.353925399912614,0.662637933428968
"Female",0.324509379406711,0.14857534473834,0.0188958570634044,0.508019418791544,-0.633007095018238
"Female",0.467946587621618,0.130295070375897,0.0283385296910598,0.373419812311426,-0.423860066311693
"Male",0.253716170411358,0.249742923648545,0.0419309438483642,0.454609962091733,-0.481758141981131
"Female",0.468437009237236,0.120870736285065,0.0499881565523617,0.360704097925337,0.5363890842708
"Male",0.329062013589688,0.218233252488262,0.0675173998099532,0.385187334112097,-0.670240312731527
"Female",0.406872764934908,0.13845080542266,0.0268027015464365,0.427873728095996,-0.569022847099011
"Female",0.508605163492139,0.1537375899505,0.0525643949595563,0.285092851597805,0.705023144637234
"Female",0.309920780832474,0.323006639175818,0.102465720534853,0.264606859456856,1.12326873923069
"Female",0.51355799546261,0.114179070899832,0.0443463632182356,0.327916570419323,-0.12901749408842
"Female",0.371832423168379,0.221103091546143,0.0885562302182346,0.318508255067244,0.121841587384888
"Female",0.335042281866206,0.199407628975035,0.0404183546999658,0.425131734458793,-0.239974624532432
"Male",0.496328855429061,0.114989875421051,0.0256454817632237,0.363035787386664,-1.39631878948866
"Female",0.379312489749034,0.182494748389852,0.0791897801151819,0.359002981745932,-0.157799325448916
"Female",0.467286699832799,0.112300555199416,0.0520279169316486,0.368384828036136,-0.462644557729807
"Female",0.38948512988821,0.0891506538505174,0.0284128419861275,0.492951374275145,-0.134004383127269
"Male",0.351419836176822,0.166014568163051,0.0297889521082063,0.452776643551922,-1.17728476398803
"Male",0.594172624367201,0.07190951098033,0.0286579556131993,0.30525990903927,-0.84526247861303
"Male",0.518312009328642,0.135913935817945,0.036767199865624,0.30900685498779,-1.54339633063507
"Male",0.306192913698723,0.20262985751323,0.030424676974352,0.460752551813695,-0.579022343863465
"Female",0.634283631078463,0.0726744923601917,0.0357341922963957,0.25730768426495,-1.33591312386865
"Female",0.325776212114038,0.241742427938148,0.0593821856805115,0.373099174267302,0.0700852493623273
"Female",0.402453366772559,0.139346071971155,0.030755359609485,0.427445201646801,-0.32186261485547
"Male",0.397848229535401,0.192434446474905,0.0832769230089716,0.326440400980723,0.583910760719012
"Female",0.546457647207165,0.0694589287148826,0.0421634389307152,0.341919985147237,0.130464805944191
"Male",0.578683814575348,0.102808128830572,0.0291946043247863,0.289313452269294,-0.663393025625614
"Male",0.335890738784856,0.244940726577633,0.0852614948852509,0.33390703975226,0.459442964270386
"Male",0.305631869754531,0.251185587949759,0.0801060001420349,0.363076542153675,-0.0627272550179561
"Female",0.477320473439374,0.083815824485347,0.0783389655714312,0.360524736503848,0.699354635139798
"Female",0.318779701801078,0.305337976352618,0.0525538364703501,0.323328485375954,0.473683246129931
"Female",0.464410715195346,0.0944706260590492,0.0515817065947327,0.389536952150872,0.329382395155502
"Female",0.352487136930707,0.176310190325702,0.0725571183168509,0.39864555442674,0.633489860797418
"Male",0.516096435439679,0.100096092585453,0.0247129430976025,0.359094528877265,-1.17991710050862
"Male",0.494858071455665,0.0781848798578824,0.0238605358170929,0.403096512869359,-1.7314435677094
"Female",0.575302077348196,0.0316448282310613,0.0288789161450169,0.364174178275726,0.284679870650254
"Female",0.341673125776359,0.143138921979011,0.0571715121203827,0.458016440124247,-0.563350178077483
"Female",0.332868886238846,0.243217863246898,0.0704503988216781,0.353462851692578,-0.0155203844034966
"Female",0.39937977331908,0.16822862361218,0.038890606495351,0.393500996573389,-0.464312609685136
"Female",0.414242071056045,0.189124634244587,0.0644937492916568,0.332139545407711,1.78517664235301
"Male",0.396449744135973,0.138125809639925,0.0788043395024761,0.386620106721625,0.551642091482506
"Male",0.413006566153718,0.148773615147713,0.154605999617199,0.28361381908137,0.464849012144465
"Female",0.462992819309851,0.108172444446991,0.0422315854749558,0.386603150768202,-1.01782255465004
"Male",0.452188791852474,0.157081619118676,0.0714027854236981,0.319326803605152,-0.566106141582496
"Female",0.536215974029476,0.067402849390324,0.0524104564780913,0.343970720102109,-0.143357815712924
"Female",0.440948568946418,0.13740573456716,0.0470111325608419,0.374634563925581,-0.0767522518166452
"Female",0.295297485978846,0.193855359489647,0.0214807143618007,0.489366440169707,-0.319043418496488
"Male",0.489292742857862,0.0968220092167566,0.0436614270322465,0.370223820893135,0.657045798658649
"Female",0.494860262909185,0.132722334148805,0.0389440161544961,0.333473386787514,0.175605126472233
"Female",0.298367532815946,0.237684235981074,0.16016405119727,0.30378418000571,0.931125020694976
"Male",0.42340671939778,0.1708080988897,0.0263474172947994,0.37943776441772,-1.42814141831181
"Female",0.356190375757892,0.136901075490713,0.132807363894491,0.374101184856904,1.02675147379498
"Male",0.455759642025441,0.114719099068006,0.0383614422094907,0.391159816697063,-0.973190672715949
"Female",0.397258396974839,0.151878968968102,0.070015084666153,0.380847549390905,-0.274594385931818
"Female",0.193875169423459,0.411785368666765,0.116267881774289,0.278071580135488,0.732743836940896
"Male",0.315025394880012,0.268626282181256,0.102312434246878,0.314035888691855,0.23179804818807
"Female",0.585946892351322,0.0870351282440974,0.0197530967042385,0.307264882700343,0.695045574970014
"Male",0.309085486445468,0.169031556766278,0.0508040099611499,0.471078946827104,-1.14861141780182
"Female",0.44896832038387,0.118622008851862,0.0588287460929717,0.373580924671297,-1.14381104126742
"Male",0.349663003420701,0.195372852876627,0.0855857031475018,0.36937844055517,-0.402090740566088
"Male",0.578274810871442,0.0497979819546633,0.0245960224604486,0.347331184713446,-0.214705614474944
"Male",0.455238205838842,0.0973012401002085,0.0397773945360423,0.407683159524907,-0.402192522401526
"Male",0.4614529288508,0.150383341567276,0.0413715860992729,0.346792143482651,-0.367324954069557
"Male",0.403750902450811,0.16819600488897,0.068486142836471,0.359566949823749,-0.844302934491077
"Female",0.567398255163264,0.0770454795378284,0.0221897452082299,0.333366520090677,-0.469649891450901
"Female",0.38464895901747,0.219229557976014,0.10346978167835,0.292651701328165,0.541510522560148
"Male",0.543338687564166,0.0899331497906252,0.0167225455807742,0.350005617064434,-1.90451226803431
"Female",0.416164485979115,0.10674430647335,0.0397978883747289,0.437293319172806,-0.238934758940161
"Male",0.515793919054821,0.0852993895755021,0.0395704249874673,0.35933626638221,-0.612439475222025
"Female",0.482865786001168,0.145277740668424,0.0978886020970707,0.273967871233338,0.24114586337674
"Male",0.42429357962759,0.198368904087134,0.0974590359037596,0.279878480381516,0.106773475391529
"Male",0.429781864911873,0.0893342431897771,0.0285156511408637,0.452368240757486,-0.720198469626082
"Female",0.363734663757022,0.152018970785338,0.0918229569650897,0.392423408492551,-0.339765077108615
"Female",0.325877749997577,0.169013038437574,0.125072181379836,0.380037030185012,1.76163566848792
"Female",0.366403406232387,0.148524755388035,0.0468323556377926,0.438239482741786,0.0825831436261293
"Female",0.380946012162646,0.147741916960781,0.0442791699464069,0.427032900930166,-0.374052213963715
"Male",0.333827200170429,0.183009190003496,0.0444585389679207,0.438705070858155,-0.0908364448429657
"Female",0.405221663853755,0.113508422112076,0.0628860278186681,0.418383886215501,-0.457314636965253
"Female",0.337039644708855,0.163773083007777,0.0280317157076408,0.471155556575727,0.196555209036257
"Male",0.397711226529822,0.129446748222844,0.0317450599296584,0.441096965317676,-0.482016639629446
"Male",0.396816479351071,0.256941007569918,0.134660392858125,0.211582120220886,-0.736166915348964
"Female",0.404675787420867,0.116936482464055,0.0192342752402688,0.459153454874809,-1.08193556234623
"Female",0.372882197190661,0.165600712646974,0.0636848012129261,0.397832288949439,-0.0426743441106786
"Female",0.427058214380056,0.0905619204103404,0.102147567037049,0.380232298172555,0.288742130060866
"Female",0.342636040718935,0.255076850684773,0.0662299424762202,0.336057166120071,-0.389590851418792
"Female",0.296101015613843,0.286341894493452,0.0937057050512952,0.32385138484141,0.093936597490366
"Male",0.520637545174937,0.13534902157747,0.0318157275740736,0.31219770567352,-0.437208225719562
"Male",0.433694992074871,0.214334101114499,0.0359160358033418,0.316054871007289,-1.12045992322054
"Female",0.364840905182677,0.20217359136841,0.0516134327587196,0.381372070690194,0.168605761058435
"Male",0.400069447306021,0.144124043638221,0.0413020757397352,0.414504433316023,-0.676515955191967
"Female",0.418680388427076,0.101916974193928,0.0249816302017641,0.454421007177233,0.060506640097518
"Female",0.343647855076965,0.268525026901737,0.0640960318203979,0.3237310862009,0.379015677795019
"Male",0.596346386646234,0.0608557135267895,0.0265215065452457,0.316276393281731,-0.0903267083000742
"Female",0.436953039290338,0.120809084175604,0.0282492552817404,0.413988621252318,-0.616613099006572
"Male",0.454409505147505,0.118766512438347,0.0221658504968293,0.404658131917319,-1.2998003077813
"Male",0.238964893751992,0.177809406163072,0.170751078896774,0.412474621188162,-0.181491861117683
"Female",0.442001534404459,0.116437392505638,0.0282553692902157,0.413305703799687,-0.82380874734599
"Male",0.320131715951974,0.273932319687836,0.0917380451191407,0.31419791924105,0.00740500045658049
"Female",0.391130991550433,0.192052864384431,0.0603293512199343,0.356486792845202,0.081269535053635
"Female",0.466360613383982,0.0821552052705091,0.0228389873394669,0.428645194006042,-0.56972659593274
"Female",0.482878208828607,0.104263160714889,0.0276860322314926,0.385172598225011,-0.403180016634767
"Male",0.542473051938853,0.128690985608552,0.0111412413581253,0.31769472109447,-2.00250233951704
"Female",0.458299509902054,0.0898468093240615,0.035327967839542,0.416525712934342,-0.366371514228365
"Female",0.355414426394013,0.292385621576931,0.0550642401567299,0.297135711872325,0.818771861155507
"Female",0.382046072309941,0.196374757822098,0.185191426338107,0.236387743529854,1.45552842846216
"Female",0.311347862899613,0.314072363351277,0.0855563708628051,0.289023402886305,0.14757638400797
"Male",0.471567007464124,0.0665572719956858,0.0191546824274975,0.442721038112692,0.136411008400439
"Male",0.551399062190221,0.0589560629521791,0.0156910468829322,0.373953827974668,-0.95524806469741
"Male",0.398027062227328,0.125264535335252,0.0865440147517251,0.390164387685695,-1.55492450525059
"Female",0.605943777748131,0.0652363720969618,0.0184612564222075,0.310358593732699,-0.146228421751604
"Female",0.478807584823517,0.180418402974114,0.0368513613510739,0.303922650851295,-0.113989342543435
"Female",0.348827891851505,0.23711730331884,0.0825214109235705,0.331533393906084,0.766754011088848
"Female",0.440753978470447,0.103809664527297,0.0279315440459341,0.427504812956322,0.380016385223833
"Female",0.405533194784027,0.126663266598357,0.0513958523538701,0.416407686263746,-1.0836100958223
"Female",0.426082543951489,0.0878817192975107,0.0279170634869395,0.45811867326406,0.342844245669964
"Female",0.254671205701714,0.297458306280628,0.125371653839454,0.322498834178205,-0.867507816904722
"Female",0.497890102881211,0.0916535434101898,0.0314321541798005,0.379024199528799,0.261034704144034
"Female",0.451164696245556,0.127781269948258,0.0342095110182807,0.386844522787905,0.0152859607257202
"Male",0.545981721310457,0.0602622853910877,0.0434180013401453,0.35033799195831,-0.18468884916412
"Male",0.438158048750642,0.162004584951714,0.0340056730888992,0.365831693208745,-1.73510465777611
"Male",0.375534792743783,0.195022085280112,0.0587728565927481,0.370670265383357,-0.0118030474852314
"Female",0.456641299726925,0.11417169624647,0.0294079203500346,0.399779083676571,-0.13453551626389
"Male",0.493970792942807,0.153274368298076,0.0633392768209451,0.289415561938172,0.444124895838834
"Male",0.381204352459775,0.19192592585234,0.0650564184660745,0.361813303221811,0.558475096348801
"Male",0.503342740805724,0.110118181035237,0.0539864941229717,0.332552584036067,0.00763397816752143
"Male",0.270337650518582,0.359369262450826,0.0909466978722735,0.279346389158318,-0.121235663476451
"Female",0.510218452380829,0.0887049826711708,0.0873718016534508,0.313704763294549,0.971541765711203
"Male",0.450779771443973,0.146341087463656,0.0638455269460991,0.339033614146272,-0.621707496336686
"Female",0.421112199685374,0.117776039719878,0.0579540419831369,0.403157718611611,-0.584802418563424
"Male",0.493204263126455,0.125571449834598,0.0277042851718,0.353520001867147,-0.574984621710495
"Female",0.407781926861771,0.216386643550653,0.083505152877797,0.292326276709779,0.520444094878903
"Male",0.476938029608563,0.0926844550750541,0.0398152772588727,0.39056223805751,0.185165136972956
"Male",0.221752925831759,0.371273313192602,0.0934524002547835,0.313521360720856,0.688259346930592
"Male",0.483122373057268,0.137043354204818,0.0529263851602415,0.326907887577673,-0.765536988785304
"Male",0.344447585119086,0.285283970350965,0.0682874282780633,0.301981016251886,0.579794410263921
"Male",0.296460383671691,0.295672661530527,0.226091170104148,0.181775784693634,0.0964169900600326
"Female",0.377480343070298,0.153189344919069,0.0560714770258057,0.413258834984827,0.404790407900894
"Female",0.400366767256064,0.152647482893703,0.0433583313705245,0.403627418479709,0.970916954691477
"Female",0.520932495277703,0.086947255798952,0.0265374162992787,0.365582832624066,-0.292956742362423
"Male",0.463939813773911,0.0887483438388097,0.0427447629782809,0.404567079408999,-0.865320884697439
"Male",0.538259144685728,0.0715335825179207,0.0231004173912734,0.367106855405078,-1.32471026886318
"Male",0.500488603956887,0.131973115611629,0.0371344618268167,0.330403818604667,-1.07680082833199
"Male",0.461614545618939,0.197195438486301,0.0738483957799117,0.267341620114848,0.186453542128903
"Female",0.320494552271269,0.328670133186748,0.0476447440522375,0.303190570489746,0.475527084212446
"Female",0.444425648649095,0.130492675621012,0.0856746918501191,0.339406983879774,0.0332992210778603
"Female",0.273937255848666,0.241294817416218,0.0341123165306591,0.450655610204457,-0.556435623593388
"Female",0.503214215578774,0.197032976552733,0.0789181271839162,0.220834680684577,0.612117635587837
"Male",0.394141243372275,0.113975357381158,0.0379167328012051,0.453966666445363,-1.03077116505822
"Male",0.54041789385066,0.076844996767284,0.0157902098986693,0.366946899483387,-1.72721665671598
"Female",0.405628010007819,0.1757000163118,0.0791553986338442,0.339516575046536,0.510768183606029
"Female",0.321124567659371,0.319429747130634,0.105407714701806,0.254037970508189,0.105437253735086
"Male",0.331098166128662,0.186156573825763,0.0565412503008205,0.426204009744755,0.396152092567256
"Female",0.396265857191795,0.179009246922141,0.0555896287908633,0.369135267095201,0.28867748585447
"Female",0.296069989381803,0.300177324750335,0.0917435224045154,0.312009163463347,-0.0852407914457955
"Male",0.427654834321093,0.162701513339236,0.0876949321920729,0.321948720147598,0.31456036228072
"Female",0.42690644657151,0.106364741509372,0.0275862176641503,0.439142594254967,0.296709730886455
"Male",0.416435027528923,0.143878018868629,0.0255850652715155,0.414101888330932,-1.8699005667088
"Male",0.398284348184652,0.179297545656164,0.0362717407990471,0.386146365360137,0.455776394340905
"Female",0.478996175051644,0.0909506592222895,0.0588876791459065,0.37116548658016,-0.0227335993714762
"Male",0.447416462662618,0.193481358655451,0.06498257246784,0.294119606214091,-0.363790968843452
"Female",0.320754423749332,0.218572446727594,0.0946187601517016,0.366054369371373,0.299795436068747
"Male",0.270506081892654,0.321910308783335,0.0823897863989704,0.325193822925041,-0.287920592361706
"Male",0.393088010224403,0.208773092907897,0.0286905033528009,0.369448393514899,-1.31654327222107
"Male",0.449436035821551,0.153242365287138,0.0478373025251789,0.349484296366132,-0.39461557024705
"Female",0.472575085950706,0.124773556831111,0.0590169052737583,0.343634451944425,0.382477659378078
"Female",0.356314568267995,0.314130733553209,0.0997826542659571,0.229772043912839,-0.233222771342526
"Female",0.27360918321852,0.154823092746405,0.171220688338254,0.400347035696821,0.787513038204317
"Male",0.397790240493485,0.215755409265236,0.0515921267704957,0.334862223470784,-0.886286462309973
"Female",0.375473464052178,0.211130814183592,0.0511282289538528,0.362267492810378,0.431021711502922
"Female",0.476723845133005,0.117736255505931,0.0560159726286646,0.349523926732399,0.304564993344706
"Male",0.490853689592952,0.117103591916202,0.0239887256352512,0.368053992855595,-0.796438997532559
"Female",0.485241382749897,0.160204457973841,0.0401620655212198,0.314392093755043,0.367987910674437
"Female",0.431192790418376,0.0765020618698432,0.0287630264785064,0.463542121233274,-0.645209410460839
"Female",0.458092392285296,0.116307908668041,0.069578737568481,0.356020961478182,-0.291774744666041
"Female",0.359691811623631,0.235447355932146,0.0947332803563946,0.310127552087828,0.733296886208773
"Female",0.364303104403335,0.212801604769391,0.110089513622298,0.312805777204976,0.944586312562488
"Male",0.415781288155838,0.188228172374111,0.0430987344902766,0.352891804979775,-0.74803406586031
"Female",0.322514150635294,0.267406189915969,0.0544154598351306,0.355664199613606,-0.269362885708191
"Female",0.439051771048555,0.132154397206485,0.03865505314908,0.39013877859588,-0.404709791952686
"Male",0.492644051439763,0.106535352147778,0.0786251080706315,0.322195488341828,0.0599610546257299
"Female",0.412484008080828,0.110193302731996,0.0638719588679983,0.413450730319178,-0.403445756283599
"Male",0.270248328168398,0.198605243053903,0.105774379610674,0.425372049167026,-0.775878593652108
"Female",0.463349249131725,0.149184465089938,0.0255023455422921,0.361963940236044,-0.569377824199721
"Female",0.408813502679999,0.127624119334458,0.0359741338903069,0.427588244095235,-1.29436075777879
"Male",0.373554998708144,0.228168412998362,0.0347820704055047,0.363494517887988,-0.162683411983997
"Female",0.448136839109904,0.131974847765978,0.0235249733822576,0.396363339741861,-1.68576704248438
"Male",0.492498764278649,0.140357954265721,0.0394542867828943,0.327688994672735,-0.28036817813363
"Male",0.320190149681547,0.225658608433087,0.126210012837251,0.327941229048114,0.58991825649381
"Male",0.400998706355839,0.120053876228121,0.0388236690232321,0.440123748392808,-0.649842464604802
"Female",0.704751146179254,0.0190135969706366,0.0100522131797776,0.266183043670332,-0.476673361657621
"Female",0.460421754443998,0.0837982395224621,0.00889454925003715,0.446885456783503,-0.83066719245246
"Female",0.448693957367198,0.141634025830602,0.0478888728266082,0.361783143975591,0.0545472910146308
"Female",0.454225189368818,0.0740426364145701,0.0305220511185382,0.441210123098074,-0.474144529117281
"Male",0.415938467323302,0.212633154108962,0.0507662045078591,0.320662174059877,0.620588526661763
"Male",0.459105721112808,0.107684493657407,0.0303091857811546,0.402900599448631,-0.0813927296238114
"Female",0.34645218432718,0.176400967011453,0.0491741680574859,0.42797268060388,0.027838008707914
"Female",0.407231369391708,0.169549435900128,0.0738563763883808,0.349362818319784,1.15276082987667
"Female",0.5064664310604,0.109075694124693,0.0206880808693496,0.363769793945557,-0.613393085569486
"Female",0.317211647037977,0.257857601027216,0.157950579420698,0.266980172514109,0.536502723317725
"Female",0.425065714987536,0.152977194517554,0.0658457516293678,0.356111338865542,0.546523179083782
"Male",0.450386637366186,0.106610567801945,0.0368715284916449,0.406131266340224,-1.19329143846559
"Female",0.473328976691768,0.0988834085106406,0.0291484087159156,0.398639206081676,0.00717320731174637
"Female",0.424055110299394,0.164253286029972,0.136497426029019,0.275194177641615,0.433323915211243
"Female",0.547772981003268,0.0747786822179717,0.0272007317557818,0.350247605022979,-0.322430955285236
"Male",0.261585497298796,0.223800616162079,0.0800404389088812,0.434573447630244,-0.512205772524118
"Female",0.579456450595015,0.0972367175234495,0.0632619251194932,0.260044906762043,0.0652516473863506
"Male",0.613970422951818,0.126054559953718,0.0434060484655399,0.216568968628924,0.404132701740002
"Female",0.411980742229031,0.0941515918024819,0.0304832673825259,0.463384398585961,0.148484648468714
"Female",0.453830270383967,0.117515161373102,0.0309729249923315,0.3976816432506,-0.159699426939399
"Male",0.363892864787445,0.128870778178007,0.0901036687491242,0.417132688285423,-0.664481165471896
"Male",0.492072283417124,0.129239405125128,0.0340696675328061,0.344618643924942,-0.918916754646829
"Female",0.486935028950332,0.0812968236886122,0.0575703948282407,0.374197752532815,0.104860501437699
"Male",0.366388876128206,0.159412303227958,0.136681351626995,0.33751746901684,-0.310514520569705
"Female",0.423314156416021,0.173960006529948,0.0630557353617261,0.339670101692305,0.349639320831654
"Male",0.436590300450942,0.207646503776172,0.0574048339593701,0.298358361813516,-0.195397419500883
"Female",0.381492314795011,0.168438796320348,0.0530126955458905,0.39705619333875,-0.135002478548444
"Male",0.538245652786074,0.0815366066116927,0.0460940456973635,0.33412369490487,-1.0398626791486
"Male",0.408501989828519,0.216830021462181,0.054528534273311,0.32013945443599,0.00562536893412158
"Female",0.377025086449511,0.126630223980179,0.0259070541844033,0.470437635385907,-0.872467877464155
"Female",0.336039206588323,0.240138351244906,0.0840740208644232,0.339748421302348,-0.35199567208567
"Female",0.280273518161198,0.281786384492502,0.125002766007557,0.312937331338744,0.451049182737626
"Male",0.440918715637206,0.140648615970957,0.0250033104725633,0.393429357919274,-0.976729115753959
"Female",0.490195317560783,0.0821412526714673,0.0333286690113846,0.394334760756365,-0.525786706150318
"Female",0.229299079999021,0.33791735724971,0.149727060492197,0.283056502259072,0.341712096197926
"Male",0.450741166560585,0.13279393663015,0.022735821728732,0.393729075080533,0.0333611006629388
"Female",0.370193773387208,0.177491174476103,0.0485840087539001,0.403731043382789,-0.733465210488599
"Female",0.593909885978167,0.0753969993544204,0.0256489144607417,0.305044200206671,-0.825995760172634
"Male",0.310299191947759,0.277878104012818,0.107148166231628,0.304674537807795,0.488084762343976
"Female",0.414287626602877,0.121424030764494,0.0895451981664731,0.374743144466156,0.344885558736908
"Female",0.452035607575666,0.117369867349629,0.0925734730282626,0.338021052046443,0.237649300973594
"Female",0.29497706338777,0.186510704796919,0.0643879174517875,0.454124314363523,-0.0736574736840832
"Male",0.580530512052437,0.0409351893842212,0.0339350634896658,0.344599235073676,-0.478839985632664
"Female",0.426465232132642,0.128209922977345,0.0687419531758376,0.376582891714175,0.337948719715405
"Female",0.397332247960083,0.252581581813317,0.0582047975312136,0.291881372695386,1.19779090844265
"Male",0.478619762933025,0.100835938059347,0.0414555751537095,0.379088723853918,0.116911104777419
"Female",0.357141663261154,0.175312862245162,0.0579481531927647,0.409597321300919,0.0198465996086037
"Female",0.332346340297253,0.285963416096817,0.055157749010026,0.326532494595904,-0.246368165262797
"Female",0.425868429727888,0.0980533959296363,0.0431397511386316,0.432938423203844,-0.45579351191238
"Male",0.507927500421021,0.114139338625737,0.0420566212460766,0.335876539707165,0.00418686017596159
"Male",0.433366005471291,0.0840382317981912,0.0554659751890944,0.427129787541423,-0.400775480319302
"Male",0.590888320295896,0.0510865077184059,0.00954353434320312,0.348481637642495,-1.69083928090434
"Female",0.399334083714819,0.172112384826832,0.0573289272909653,0.371224604167383,0.199700286454806
"Female",0.26211213309629,0.298452951325261,0.123318630299993,0.316116285278456,0.955091969986894
"Female",0.484410909040507,0.145015012924792,0.070945782490312,0.299628295544388,-0.0516387774729776
"Male",0.469112675237713,0.150715517017262,0.0370626113144466,0.343109196430578,-0.839137903163316
"Female",0.316113333173713,0.308770891532594,0.13599564943261,0.239120125861084,0.721790512961093
"Female",0.371996968085043,0.183542195958826,0.0486032540058574,0.395857581950274,0.170426385735191
"Female",0.433133172865156,0.123944934940604,0.0430581128396255,0.399863779354614,0.779380598634118
"Female",0.55401914290416,0.0908771144278802,0.0166077870740538,0.338495955593906,-0.00107788622405158
"Male",0.405744971165262,0.219572833818584,0.0390992364433718,0.335582958572782,-0.265027206245376
"Male",0.43749117118578,0.102144293472652,0.0575615029991925,0.402803032342376,-0.780233730570922
"Male",0.30022562037141,0.223730326088289,0.0890501245250118,0.386993929015289,-0.542300594825186
"Male",0.489061347467778,0.180223341227424,0.05875682745533,0.271958483849468,-0.212124822324044
"Male",0.450181284513015,0.151096156944159,0.0572140612963346,0.341508497246491,-0.579104656958499
"Male",0.450671222637596,0.0698013352459278,0.0482958046024865,0.43123163751399,-0.0801642227291532
"Female",0.466725798819109,0.0896548069731108,0.0603481164026462,0.383271277805134,0.877466810693955
"Female",0.486295490022803,0.108964549400264,0.0339280006990373,0.370811959877896,0.0243918259328564
"Male",0.448307102748889,0.169265356631187,0.0524894714537514,0.329938069166173,-0.440034763732999
"Female",0.534086762601045,0.116698747621525,0.0431705624737414,0.306043927303689,-0.500298792722508
"Female",0.44768902117906,0.103067721783451,0.0732749633722732,0.375968293665216,0.412131626264269
"Female",0.503210350461811,0.0799335247217465,0.0520746517522117,0.364781473064231,-0.917092725941712
"Male",0.288272932349724,0.24150413740949,0.0889236249414952,0.381299305299291,-0.913559965625571
"Female",0.371713881745349,0.101186348001341,0.0310106907895595,0.496089079463751,-0.0160802338145055
"Female",0.356401661600149,0.215228590146788,0.13185697537787,0.296512772875193,1.21572904332833
"Female",0.415675744767621,0.0982909457179448,0.0223312790758412,0.463702030438593,-1.10080331299653
"Female",0.383431137587575,0.202577132420704,0.0676604289311152,0.346331301060606,0.74250172629367
"Male",0.459221905872531,0.126648588397672,0.0388875579280877,0.375241947801709,0.0317325350277163
"Female",0.273932984816535,0.34216624923179,0.126134913682985,0.257765852268691,1.12939236358737
"Female",0.517365192265227,0.0876709021193472,0.0569185045833217,0.338045401032104,-0.423024584494952
"Female",0.450556113863807,0.163636491083461,0.0559373250773783,0.329870069975353,0.418470002309207
"Male",0.531001142117556,0.150053725697925,0.0361833354591566,0.282761796725362,-1.18860135014148
"Male",0.330849997230152,0.2245979246883,0.0685791044483109,0.375972973633237,-0.0539954115229179
"Female",0.436400948309848,0.116969413986483,0.0591675833548239,0.387462054348845,0.146070342122326
